4294967278,39
4294967278,38
4294967278,37
4294967278,36
4294967278,35
4294967278,34
4294967278,33
4294967278,32
4294967278,312
4294967278,272
4294967279,136
4294967278,136
4294967279,135
4294967278,135
4294967278,309
4294967278,133
4294967279,274
4294967278,271
4294967278,308
4294967279,272
4294967278,278
4294967278,31
4294967278,30
4294967278,29
4294967278,28
4294967278,27
4294967278,26
4294967278,25
4294967278,24
4294967278,23
4294967278,22
4294967278,269
4294967279,268
4294967278,268
4294967278,266
4294967279,359
4294967278,264
4294967279,267
4294967278,279
4294967279,276
4294967278,544
4294967279,264
20,6
4294967278,276
20,5
4294967279,263
20,4
4294967278,258
20,3
20,2
20,1
4294967279,277
4294967278,257
4294967278,543
4294967279,358
4294967278,275
4294967279,259
4294967278,21
4294967278,20
4294967278,19
4294967278,18
4294967278,17
4294967278,16
4294967278,15
4294967278,14
4294967278,13
4294967278,12
4294967278,11
4294967278,10
4294967278,9
4294967278,256
4294967279,357
4294967278,255
4294967279,257
4294967278,254
4294967279,256
4294967278,253
4294967279,356
4294967278,252
4294967279,355
4294967278,542
4294967279,354
4294967278,541
4294967279,353
19,6
4294967278,540
19,5
4294967279,352
19,4
4294967278,539
4294967278,538
19,3
19,2
19,1
4294967279,351
4294967278,537
4294967278,249
4294967279,350
4294967278,536
4294967279,349
4294967278,535
4294967279,348
4294967279,347
4294967278,248
4294967279,252
4294967278,247
4294967279,249
4294967278,246
4294967279,248
4294967278,8
4294967278,7
4294967278,6
4294967278,5
4294967278,4
4294967279,132
4294967279,131
4294967279,130
4294967279,129
4294967279,128
4294967279,127
4294967279,126
4294967279,125
4294967279,124
4294967279,123
4294967279,122
4294967279,121
4294967279,120
4294967279,119
4294967279,117
4294967279,114
4294967279,112
4294967279,111
4294967279,110
4294967279,109
4294967279,108
4294967278,534
4294967279,245
4294967278,244
4294967279,118
4294967279,244
4294967278,533
4294967278,242
4294967294,900
4294967294,186
4294967294,393
4294967294,392
4294967294,46
4294967294,389
4294967294,115
4294967294,2
4294967279,116
4294967279,241
4294967278,239
4294967279,115
4294967279,238
4294967279,239
4294967278,532
4294967279,237
4294967278,235
4294967279,236
4294967279,346
4294967279,113
4294967278,234
4294967278,531
4294967279,234
4294967278,232
4294967278,230
4294967279,230
4294967279,224
4294967278,228
18,6
4294967279,228
18,5
4294967278,226
18,4
4294967279,226
18,3
18,2
18,1
4294967279,225
4294967278,224
4294967278,221
4294967279,221
4294967278,218
4294967279,219
4294967279,107
4294967279,215
4294967278,213
4294967279,213
4294967279,106
4294967279,211
4294967278,530
4294967279,345
4294967278,529
4294967279,105
4294967279,104
4294967279,103
4294967279,102
4294967279,101
4294967279,100
4294967279,99
4294967279,98
4294967279,97
4294967278,207
4294967279,344
4294967278,528
4294967279,343
4294967278,203
4294967279,342
4294967278,527
4294967279,341
4294967278,82
4294967278,80
4294967278,79
4294967278,76
4294967278,75
4294967278,74
4294967278,72
4294967278,71
4294967279,96
4294967279,95
4294967279,94
4294967279,93
4294967279,92
4294967279,91
4294967279,90
4294967279,89
4294967279,87
4294967279,85
4294967279,84
4294967279,83
4294967279,80
4294967279,79
4294967278,200
4294967279,340
4294967279,86
4294967278,198
4294967279,198
4294967278,197
17,6
4294967279,197
17,5
4294967278,196
17,4
4294967279,196
17,2
17,1
4294967278,195
4294967279,194
4294967279,339
4294967279,82
4294967278,526
4294967279,338
4294967279,81
4294967278,193
4294967279,192
4294967278,525
4294967278,78
4294967279,337
4294967279,78
4294967278,524
4294967278,188
4294967278,110
4294967278,109
4294967278,108
4294967278,107
4294967278,103
4294967278,102
4294967278,100
4294967278,99
4294967278,98
4294967278,96
4294967278,95
4294967278,94
4294967278,92
4294967278,91
4294967278,87
4294967278,86
4294967278,83
4294967278,187
4294967279,185
4294967278,523
4294967279,336
13,6
4294967279,335
13,1
13,4
4294967278,184
4294967279,184
4294967279,180
4294967279,307
4294967279,182
4294967279,306
4294967279,181
16,0
16,6
4294967279,304
16,5
4294967294,97
4294967294,22
4294967294,99
4294967294,76
